KIC,Magnitude in Kepler Band
6231538,13.737
6606229,11.136
6963490,14.702
7300184,15.430
7900367,11.282
7915515,12.820
9851822,13.902
10350769,13.008
10355055,9.383
10415087,12.139
11027806,11.557
11769929,12.381
12216817,10.662
1849235,11.646
3424493,9.553
3648131,13.476
3965879,13.335
4072890,14.269
8264404,12.193
8330102,13.479
8453431,12.534
8493159,12.002
8585472,13.249
8845312,11.501
9050337,12.598
4544967,12.975
4569150,12.016
4577647,11.900
4940217,13.496
5108514,13.983
5358323,13.113
5900260,13.413
9051991,13.471
9306095,12.428
9368220,11.271
9368524,13.868
9649801,13.525
9775887,16.218
9532219,16.118
9594189,15.759
9897710,15.276
9717148,16.412
2581626,14.998
2972514,14.031
3119295,14.268
3953144,14.673
4036687,15.220
4066203,14.052
4243668,14.656
4374279,14.583
4466691,14.348
4547067,14.671
4651526,14.754
4995588,14.961
5027750,14.775
5284701,14.447
5286485,14.824
5353653,15.131
5357882,14.694
5534340,14.645
5707205,14.340
5788165,14.354
6304420,14.392
6442207,15.478
6444630,14.561
6778487,14.850
6836820,14.460
6955650,14.240
7048016,14.024
7124161,14.673
7347529,14.126
7521682,14.781
7601767,14.486
7617649,14.634
7668283,14.565
7750215,14.323
7905603,14.350
7937097,14.326
7948091,14.842
7984934,14.103
8052082,14.585
8087649,14.448
8090059,14.027
8144212,14.229
8150307,14.782
8245366,11.185
8248967,15.056
8249829,14.288
8315263,14.323
8393922,14.032
8516900,14.177
8648251,14.604
8649814,14.430
8960514,14.399
8963394,14.480
9075949,14.586
9077483,15.362
9137819,14.991
9202969,14.515
9214444,14.200
9364179,14.142
9594857,11.021
9614153,14.180
9700322,12.685
9706609,14.144
9724292,14.397
9942562,14.597
10451090,9.210
11143576,15.051
11704101,15.441
11852985,14.373
